11111000
01000111
00011101
00110101
00110011
10111011
00000010
11110011
11010010
01110101
11101001
00100000
00011001
01001011
01110010
01000010
00100010
11111101
00110001
10001101
10010111
01000111
10011101
10010111
01101100
01001000
10100100
00111101
00111000
11100010
10001110
01100011
10011011
00100110
11111101
11110111
00101101
01101001
00100101
11011100
10001101
00100100
10000001
11010011
10011001
10011111
10111001
01110100
00010010
00011001
11001011
01000001
11100000
00000011
11010011
11101111
01101001
10000010
10010110
00111010
10100010
00111001
11010010
10001101
01001110
01010111
01101111
11100100
11011001
01101010
11100110
11101110
11101110
10111111
01011010
00101010
10110101
00111111
11101101
11101010
00111110
10010010
11110001
10111000
01101101
11100101
11111111
10101110
11010100
10100110
01001011
11110000
01110010
11001100
10110011
11110111
10100110
10011000
00011011
11011101
10000001
10000001
10010110
11110001
10100010
01101101
11011110
01000110
10011000
01100111
10001000
01100100
11100100
11110110
01110010
00111001
00111111
00011001
00101101
10110001
00010101
10001100
01101101
11110001
11110110
01100001
01001000
10010111
01111101
01010011
11110110
10001010
11011111
11011111
01110011
11000011
11111010
10101100
10011000
00101110
10100100
01100110
01100111
11101010
01010001
10111001
01101110
01001000
01001010
01001111
11011000
11111111
01001010
01111011
10010011
11100100
01010111
00111011
01111001
00001110
11011010
10100011
01101001
11000010
10000101
01111001
01111110
00001001
01001110
11010011
10110001
10101110
01111100
00101010
11011010
00111100
10011111
01111100
00111011
00000000
00010011
00100111
10110001
00000001
11110001
10110111
10101111
11010000
10010101
00011101
00000010
00000111
00001111
11000001
01110111
00110010
11001011
01110110
11111110
11010010
00100011
11110101
00111110
01101000
10101011
10101000
01000001
00001111
01100000
01011001
11100001
00010111
10010110
01010011
10010111
00111001
00110010
10100101
11000011
10000011
11101100
01011110
00011010
01011100
11100110
01010100
10110001
11001110
00101010
00001000
00001011
10001011
00000100
01100111
00011111
01111001
11111011
01011110
10001111
11101101
10011001
00000000
01111101
01001111
10111101
10100101
00101111
11000101
01000111
01000101
11001101
11101111
10100110
01000000
11110110
01001011